0.0
0.0
0.0
0.0
0.0
0.0
0.0
0.0
49.0
188.0
192.0
279.0
227.0
175.0
133.0
33.0
0.0
0.0
0.0
0.0
0.0
0.0
0.0
0.0
0.0
0.0
0.0
0.0
0.0
0.0
0.0
0.0
123.0
267.0
274.0
225.0
386.0
126.0
101.0
102.0
8.0
0.0
0.0
0.0
0.0
0.0
0.0
0.0
0.0
0.0
0.0
0.0
0.0
0.0
0.0
0.0
9.0
39.0
31.0
42.0
130.0
51.0
42.0
19.0
0.0
0.0
0.0
0.0
0.0
0.0
0.0
0.0
0.0
0.0
0.0
0.0
0.0
0.0
0.0
6.0
41.0
43.0
48.0
65.0
81.0
87.0
40.0
18.0
0.0
0.0
0.0
0.0
0.0
0.0
0.0
0.0
0.0
0.0
0.0
0.0
0.0
0.0
43.0
237.0
391.0
454.0
398.0
195.0
87.0
298.0
72.0
95.0
75.0
0.0
0.0
0.0
0.0
0.0
0.0
0.0
0.0
0.0
0.0
0.0
14.0
172.0
359.0
537.0
704.0
693.0
491.0
842.0
874.0
488.0
713.0
236.0
106.0
125.0
55.0
0.0
0.0
0.0
0.0
0.0
0.0
0.0
0.0
0.0
0.0
17.0
157.0
280.0
371.0
411.0
483.0
607.0
559.0
582.0
555.0
422.0
272.0
59.15
0.0
0.0
0.0
0.0
0.0
0.0
0.0
0.0
0.0
0.0
0.0
90.0
191.0
351.0
529.0
532.0
651.0
652.0
762.0
574.0
413.0
404.0
290.0
139.0
35.0
0.0
0.0
0.0
0.0
0.0
0.0
0.0
0.0
0.0
0.0
73.0
254.0
423.0
624.0
708.0
831.0
825.0
842.0
812.0
620.0
527.0
311.0
88.0
0.0
0.0
0.0
0.0
0.0
0.0
0.0
0.0
0.0
0.0
2.0
18.0
53.0
99.0
397.0
158.0
168.0
630.0
259.0
390.0
626.0
429.0
126.0
258.0
73.0
0.0
0.0
0.0
0.0
0.0
0.0
1037.3000000000002
