0.0
0.0
0.0
0.0
0.0
0.0
0.0
27.0
16.0
271.0
404.0
45.0
60.0
46.0
34.0
101.0
82.0
0.0
0.0
0.0
0.0
0.0
0.0
0.0
0.0
0.0
0.0
0.0
0.0
22.0
109.0
363.0
515.0
554.0
680.0
823.0
844.0
546.0
257.0
352.0
142.0
108.0
91.0
4.0
0.0
0.0
0.0
0.0
0.0
0.0
0.0
0.0
0.0
0.0
0.0
0.0
45.0
185.0
303.0
392.0
407.0
353.0
340.0
225.0
79.0
0.0
0.0
0.0
0.0
0.0
0.0
0.0
0.0
0.0
0.0
0.0
0.0
0.0
0.0
0.0
132.0
298.0
433.0
533.0
565.0
483.0
349.0
324.0
189.0
25.0
0.0
0.0
0.0
0.0
0.0
0.0
0.0
0.0
0.0
0.0
0.0
0.0
0.0
0.0
56.0
156.0
52.0
205.0
69.0
71.0
98.0
146.0
19.0
0.0
0.0
0.0
0.0
0.0
0.0
0.0
0.0
0.0
0.0
0.0
0.0
0.0
0.0
59.0
51.0
163.0
258.0
195.0
134.0
94.0
81.0
178.0
106.0
69.0
0.0
0.0
0.0
0.0
0.0
0.0
0.0
0.0
0.0
0.0
0.0
0.0
39.0
203.0
452.0
619.0
741.0
843.0
852.0
528.0
390.0
523.0
215.0
149.0
31.0
0.0
0.0
0.0
0.0
0.0
0.0
0.0
0.0
0.0
0.0
41.0
212.0
399.0
582.0
693.0
765.0
818.0
930.0
902.0
832.0
717.0
558.0
374.0
195.0
36.0
0.0
0.0
0.0
0.0
0.0
0.0
0.0
0.0
0.0
4.0
19.0
65.0
92.0
116.0
92.0
105.0
121.0
82.0
106.0
133.0
192.0
140.0
70.0
0.0
0.0
0.0
0.0
0.0
0.0
0.0
0.0
0.0
0.0
21.0
103.0
175.0
333.0
593.0
825.0
910.0
939.0
916.0
836.0
717.0
567.0
386.0
209.0
54.0
0.0
0.0
0.0
0.0
0.0
1004.3000000000001
