-2.34
-2.88
-3.42
-3.97
-4.51
-5.05
-5.6
-6.14
-2.67
0.79
4.26
7.72
7.48
7.24
7.0
5.09
3.18
1.27
0.55
-0.17
-0.89
-1.24
-1.59
-1.94
-4.48
-4.43
-4.39
-4.5
-4.62
-4.73
-4.1
-3.47
-2.84
-1.51
-0.18
1.16
1.4
1.64
1.88
1.19
0.51
-0.17
-0.3
-0.42
-0.54
-0.76
-0.97
-1.18
4.88
4.66
4.43
4.52
4.61
4.7
4.98
5.26
5.54
6.81
8.09
9.36
9.38
9.39
9.41
8.12
6.83
5.53
5.21
4.89
4.57
5.11
5.65
6.18
3.3
2.86
2.42
2.34
2.27
2.19
2.42
2.64
2.86
2.51
2.16
1.81
1.22
0.63
0.03
-0.52
-1.08
-1.63
-1.52
-1.41
-1.3
-1.43
-1.56
-1.69
12.03
11.67
11.31
11.04
10.77
10.5
11.57
12.63
13.69
14.48
15.26
16.04
16.45
16.85
17.25
16.13
15.01
13.9
12.66
11.42
10.19
10.04
9.89
9.74
14.79
14.22
13.65
14.2
14.75
15.3
17.17
19.04
20.91
21.68
22.46
23.23
23.4
23.58
23.75
22.69
21.64
20.58
18.62
16.65
14.68
14.78
14.89
14.99
18.51
18.57
18.62
18.74
18.87
18.99
19.04
19.09
19.14
20.01
20.89
21.77
22.27
22.78
23.28
22.41
21.53
20.65
19.6
18.55
17.5
17.55
17.59
17.64
17.62
17.35
17.09
17.44
17.8
18.15
18.23
18.31
18.39
19.31
20.23
21.16
21.45
21.74
22.03
21.43
20.82
20.21
19.0
17.78
16.57
16.71
16.86
17.0
16.48
15.75
15.02
14.78
14.53
14.28
17.02
19.75
22.48
23.15
23.82
24.49
24.81
25.13
25.45
24.32
23.19
22.05
21.3
20.54
19.78
18.94
18.1
17.27
11.85
11.83
11.81
12.89
13.98
15.06
16.99
18.92
20.84
21.71
22.58
23.45
23.68
23.92
24.15
23.45
22.75
22.06
20.43
18.8
17.17
17.29
17.42
17.54
-9.933
33.935
