10.61
10.19
9.76
9.79
9.82
9.84
10.27
10.7
11.13
11.4
11.67
11.94
11.54
11.14
10.74
10.09
9.45
8.8
8.59
8.38
8.17
8.14
8.11
8.08
11.25
11.21
11.16
11.29
11.41
11.54
13.24
14.94
16.64
17.46
18.29
19.11
19.26
19.42
19.57
18.65
17.73
16.82
16.16
15.5
14.84
14.51
14.19
13.87
6.82
6.55
6.29
5.94
5.6
5.25
5.74
6.23
6.71
7.98
9.25
10.52
10.84
11.17
11.49
10.71
9.93
9.15
8.88
8.6
8.33
8.46
8.59
8.71
7.22
6.9
6.57
6.56
6.54
6.53
7.14
7.75
8.36
9.37
10.37
11.38
11.75
12.12
12.48
11.88
11.28
10.68
10.12
9.57
9.01
8.78
8.54
8.31
6.94
6.71
6.49
6.19
5.89
5.58
5.92
6.26
6.59
7.08
7.56
8.05
8.01
7.97
7.93
7.42
6.91
6.4
6.31
6.22
6.13
6.15
6.17
6.18
13.98
13.57
13.16
12.74
12.31
11.89
13.79
15.68
17.58
19.26
20.93
22.61
23.25
23.88
24.52
23.51
22.49
21.48
20.9
20.31
19.73
19.32
18.91
18.49
6.6
5.73
4.85
4.89
4.92
4.96
8.7
12.45
16.19
18.25
20.32
22.38
22.88
23.38
23.89
22.8
21.7
20.61
19.97
19.33
18.68
18.53
18.37
18.21
15.37
15.38
15.38
15.76
16.14
16.52
17.91
19.3
20.69
21.63
22.58
23.52
24.01
24.49
24.98
24.12
23.27
22.42
21.14
19.86
18.58
17.95
17.32
16.69
14.98
14.38
13.77
13.88
14.0
14.11
15.11
16.11
17.11
17.38
17.65
17.92
18.1
18.28
18.46
18.21
17.96
17.71
16.42
15.14
13.86
13.19
12.53
11.86
17.66
17.84
18.01
18.2
18.39
18.58
19.83
21.09
22.34
23.66
24.97
26.29
27.09
27.89
28.7
28.03
27.36
26.68
25.5
24.31
23.12
22.45
21.77
21.1
-1.1110000000000002
37.807
