-0.000000000000000000e+00
-0.000000000000000000e+00
-0.000000000000000000e+00
-0.000000000000000000e+00
-0.000000000000000000e+00
5.837729354799999548e+00
3.455727336550000217e+01
4.328618617769995325e+01
4.699010454429999584e+01
4.785592936039999756e+01
4.921416299819999551e+01
5.112390186420001470e+01
7.756783165729997620e+01
2.780661609799000189e+02
5.109238811026000349e+02
6.415675138187003768e+02
7.107426675386002444e+02
5.655957253338999635e+02
3.050210569072000339e+02
8.318814144600001015e+00
-0.000000000000000000e+00
-0.000000000000000000e+00
-0.000000000000000000e+00
-0.000000000000000000e+00
-0.000000000000000000e+00
-0.000000000000000000e+00
-0.000000000000000000e+00
-0.000000000000000000e+00
-0.000000000000000000e+00
-0.000000000000000000e+00
8.216196099600002967e+00
3.732360328770000280e+01
6.507717186080003557e+01
7.784641460970000537e+01
9.056631368080000755e+01
9.334344664900000055e+01
9.738466863200000034e+01
2.778179635013999587e+02
4.241830108867000035e+02
4.808607074824000733e+02
5.630016536979002240e+02
4.467172060028998999e+02
7.735360309809996693e+01
-0.000000000000000000e+00
-0.000000000000000000e+00
-0.000000000000000000e+00
-0.000000000000000000e+00
-0.000000000000000000e+00
-0.000000000000000000e+00
-0.000000000000000000e+00
-0.000000000000000000e+00
-0.000000000000000000e+00
-0.000000000000000000e+00
-0.000000000000000000e+00
-0.000000000000000000e+00
-0.000000000000000000e+00
1.746114061199999457e+00
1.129799800430000012e+01
2.412887893660001026e+01
3.339623683749999827e+01
3.836354103079999334e+01
4.922591188250001437e+01
5.094140365989998998e+01
3.851575240379999343e+01
1.176293665490000429e+01
4.373053132999998871e-01
-0.000000000000000000e+00
-0.000000000000000000e+00
-0.000000000000000000e+00
-0.000000000000000000e+00
-0.000000000000000000e+00
-0.000000000000000000e+00
-0.000000000000000000e+00
-0.000000000000000000e+00
-0.000000000000000000e+00
-0.000000000000000000e+00
-0.000000000000000000e+00
-0.000000000000000000e+00
-0.000000000000000000e+00
-0.000000000000000000e+00
7.346530587800000234e+00
2.288596366570000740e+01
3.750372816480000182e+01
4.806483247930000857e+01
5.426556324859998170e+01
5.456589776040000572e+01
4.899954037180000199e+01
3.649828861590000884e+01
1.949412644819999585e+01
3.156389665099999853e+00
-0.000000000000000000e+00
-0.000000000000000000e+00
-0.000000000000000000e+00
-0.000000000000000000e+00
-0.000000000000000000e+00
-0.000000000000000000e+00
-0.000000000000000000e+00
-0.000000000000000000e+00
-0.000000000000000000e+00
-0.000000000000000000e+00
-0.000000000000000000e+00
-0.000000000000000000e+00
-0.000000000000000000e+00
-0.000000000000000000e+00
9.390317113800000115e+00
3.664686830930001094e+01
5.262229124820001402e+01
7.265402095700000018e+01
7.569281031600000631e+01
9.319975867179998374e+01
1.469559181067999418e+02
1.501360435169000027e+02
2.566524736039999510e+01
1.880587977999999882e+00
-0.000000000000000000e+00
-0.000000000000000000e+00
-0.000000000000000000e+00
-0.000000000000000000e+00
-0.000000000000000000e+00
-0.000000000000000000e+00
-0.000000000000000000e+00
-0.000000000000000000e+00
-0.000000000000000000e+00
-0.000000000000000000e+00
-0.000000000000000000e+00
-0.000000000000000000e+00
4.312981229000000805e-01
1.347305604960000025e+01
4.781958056589999018e+01
7.141945743649996814e+01
8.982016233430002217e+01
1.254423345252000246e+02
1.291386668798000130e+02
2.004185810311999774e+02
3.175309509876998959e+02
4.364385190828000418e+02
3.409996848290001594e+02
1.486069324368000082e+02
5.272544526599999060e+00
-0.000000000000000000e+00
-0.000000000000000000e+00
-0.000000000000000000e+00
-0.000000000000000000e+00
-0.000000000000000000e+00
-0.000000000000000000e+00
-0.000000000000000000e+00
-0.000000000000000000e+00
-0.000000000000000000e+00
-0.000000000000000000e+00
-0.000000000000000000e+00
1.639805189210000336e+01
3.710429913159999415e+01
5.009028972330000329e+01
5.061614141089997787e+01
5.522708671910001499e+01
6.486284122140000363e+01
5.230628171130000226e+01
2.820767876589999332e+02
5.078812737642999195e+02
6.403324595312998326e+02
7.055704984297002511e+02
5.273071616150999716e+02
1.445506002756999919e+02
8.913700185000000831e-01
-0.000000000000000000e+00
-0.000000000000000000e+00
-0.000000000000000000e+00
-0.000000000000000000e+00
-0.000000000000000000e+00
-0.000000000000000000e+00
-0.000000000000000000e+00
-0.000000000000000000e+00
4.371961423000000346e-01
1.122530498579999403e+01
4.067032470009999656e+01
5.616284148669998899e+01
5.782851177529999376e+01
5.991996059949998710e+01
6.252251004120001454e+01
8.317437078890002056e+01
1.168068642640999997e+02
2.756924570826999457e+02
3.776318077252998933e+02
4.263853820631001099e+02
4.731500117977000173e+02
3.849671525800999348e+02
2.463155185635000066e+02
2.816592858249999765e+01
8.962115725999998395e-01
-0.000000000000000000e+00
-0.000000000000000000e+00
-0.000000000000000000e+00
-0.000000000000000000e+00
-0.000000000000000000e+00
-0.000000000000000000e+00
-0.000000000000000000e+00
-0.000000000000000000e+00
6.644614424999997659e+00
3.546518470680000235e+01
4.398365930270001911e+01
4.746094570400002510e+01
4.736940398859997003e+01
4.593715368360000895e+01
5.165814696689997021e+01
6.214015344749999770e+01
2.748400934456000186e+02
5.094621596826000314e+02
6.399478182557998025e+02
7.037365984726000079e+02
5.610526417446998266e+02
3.336352155806000610e+02
9.447215255000005030e+00
-0.000000000000000000e+00
-0.000000000000000000e+00
-0.000000000000000000e+00
-0.000000000000000000e+00
-0.000000000000000000e+00
-0.000000000000000000e+00
-0.000000000000000000e+00
-0.000000000000000000e+00
-0.000000000000000000e+00
-0.000000000000000000e+00
-0.000000000000000000e+00
8.955383363099999272e+00
3.454950742630001059e+01
6.438250239000001329e+01
8.283372749749999286e+01
9.158833643630002541e+01
1.160787607354000244e+02
1.036514311355999922e+02
7.547598281949997556e+01
4.147900736080000428e+01
2.188510477119998754e+01
3.573832701799999789e+00
-0.000000000000000000e+00
-0.000000000000000000e+00
-0.000000000000000000e+00
-0.000000000000000000e+00
-0.000000000000000000e+00
-0.000000000000000000e+00
-0.000000000000000000e+00
7.107426675386002444e+02
